#financial instruments
item	nominal	currency	maturity
1	-33000000	EUR	15
2	-46700000	EUR	11
3	49800000	USD	14
4	-15300000	EUR	12
5	14100000	EUR	16
6	45700000	USD	13
7	-1200000	EUR	12
8	-28400000	EUR	8
9	-9000000	USD	16
10	-4800000	USD	10
11	22200000	USD	8
12	-34400000	USD	10
13	7600000	EUR	9
14	2100000	EUR	16
15	35100000	EUR	7
16	-8800000	USD	9
17	16600000	EUR	14
18	-14400000	EUR	11
19	46900000	USD	6
20	2500000	USD	10
21	22300000	EUR	11
22	-27000000	USD	7
23	-12900000	EUR	15
24	22600000	EUR	15
25	-41100000	EUR	10
26	35400000	EUR	9
27	-38800000	EUR	7
28	32900000	EUR	8
29	10300000	EUR	7
30	-45200000	EUR	7
31	-45400000	USD	14
32	-39600000	USD	8
33	45900000	USD	11
34	-29900000	USD	10
35	-25900000	USD	14
36	46300000	USD	13
37	-17800000	EUR	9
38	25400000	EUR	12
39	21000000	USD	8
40	-5400000	USD	16
41	-37600000	EUR	12
42	44200000	USD	10
43	3200000	EUR	15
44	-36100000	USD	10
45	-39400000	EUR	9
46	40700000	USD	13
47	-36800000	EUR	9
48	-24800000	EUR	12
49	2300000	EUR	13
50	47700000	USD	9
51	-15000000	EUR	11
52	-16300000	EUR	7
53	-34000000	USD	13
54	45200000	EUR	14
55	-37600000	USD	16
56	-5400000	USD	7
57	-1400000	EUR	10
58	-35100000	EUR	13
59	4000000	USD	7
60	21200000	EUR	14
61	-7600000	EUR	7
62	-37800000	EUR	16
63	42500000	USD	8
64	200000	EUR	7
65	-18400000	EUR	11
66	-30100000	EUR	15
67	-48600000	USD	12
68	-20000000	EUR	15
69	-800000	EUR	9
70	-43700000	EUR	12
71	-35200000	USD	14
72	-36700000	EUR	13
73	5700000	USD	9
74	30000000	EUR	9
75	-38200000	USD	9
76	-4200000	USD	11
77	25800000	EUR	15
78	42100000	EUR	13
79	-9100000	EUR	7
80	-46400000	USD	8
81	-20600000	EUR	13
82	-18900000	USD	10
83	-41100000	USD	14
84	-16200000	USD	10
85	30400000	USD	6
86	26200000	EUR	7
87	-31100000	EUR	15
88	-14900000	USD	11
89	-37200000	USD	14
90	10700000	USD	7
91	7800000	EUR	9
92	-35900000	EUR	9
93	34900000	EUR	12
94	47200000	EUR	10
95	44100000	EUR	15
96	22200000	EUR	15
97	17500000	USD	7
98	14100000	EUR	12
99	-10400000	USD	14
100	-45700000	EUR	15
101	20500000	EUR	13
102	-500000	EUR	12
103	-45500000	USD	13
104	21800000	EUR	12
105	44400000	USD	9
106	10100000	EUR	10
107	-38200000	USD	12
108	-13000000	EUR	15
109	-35400000	EUR	12
110	34500000	USD	10
111	-16500000	EUR	14
112	-40300000	EUR	16
113	-8300000	EUR	15
114	-33600000	EUR	13
115	-26600000	USD	9
116	24400000	USD	9
117	39600000	USD	15
118	-42200000	USD	11
119	-21800000	USD	13
120	-2600000	EUR	8
121	700000	EUR	15
122	9600000	EUR	11
123	9300000	USD	12
124	20400000	USD	12
125	-18200000	EUR	14
126	44100000	EUR	10
127	46600000	EUR	14
128	1300000	EUR	11
129	-2700000	USD	14
130	26900000	USD	8
131	32000000	USD	7
132	11300000	EUR	13
133	9900000	EUR	12
134	5000000	EUR	12
135	6700000	EUR	12
136	-4900000	USD	16
137	-49700000	EUR	7
138	48100000	USD	7
139	1300000	EUR	14
140	-17000000	EUR	7
141	36400000	USD	8
142	34300000	EUR	9
143	100000	USD	7
144	-16800000	EUR	10
145	-40100000	USD	9
146	-43700000	EUR	9
147	44200000	EUR	10
148	21300000	EUR	6
149	47000000	USD	12
150	41300000	EUR	10
151	14900000	EUR	9
152	27900000	EUR	11
153	35700000	EUR	11
154	25900000	EUR	16
155	-23600000	EUR	13
156	-34000000	EUR	9
157	12200000	EUR	13
158	-45300000	EUR	11
159	29200000	EUR	7
160	41000000	USD	14
161	20200000	EUR	14
162	4800000	USD	14
163	47500000	USD	8
164	-3700000	EUR	9
165	36800000	EUR	11
166	-1000000	USD	10
167	36000000	EUR	10
168	-23500000	EUR	15
169	35600000	EUR	10
170	4800000	EUR	9
171	47700000	EUR	9
172	34100000	USD	16
173	1400000	EUR	10
174	-41000000	EUR	9
175	26500000	EUR	6
176	-800000	EUR	12
177	38400000	EUR	14
178	-16700000	EUR	16
179	4000000	EUR	10
180	19700000	EUR	16
181	-40100000	EUR	6
182	-100000	EUR	6
183	31100000	USD	15
184	-40800000	USD	8
185	-1900000	EUR	12
186	-3600000	USD	15
187	47600000	USD	13
188	-16400000	USD	7
189	-10200000	EUR	8
190	2900000	EUR	8
191	1600000	EUR	14
192	-30900000	EUR	12
193	-38100000	USD	15
194	-27800000	EUR	14
195	-16100000	USD	14
196	48300000	EUR	12
197	48200000	USD	9
198	27400000	EUR	14
199	2200000	EUR	12
200	-31000000	EUR	13
201	-9900000	EUR	15
202	19700000	USD	7
203	48800000	EUR	7
204	32400000	USD	16
205	17300000	USD	8
206	44200000	EUR	10
207	36100000	EUR	11
208	16800000	USD	10
209	24800000	USD	6
210	15400000	USD	13
211	-27900000	EUR	16
212	26600000	USD	14
213	40600000	EUR	14
214	-28600000	USD	9
215	-14100000	USD	8
216	45400000	EUR	16
217	3100000	EUR	6
218	5900000	EUR	16
219	-30700000	EUR	10
220	-22100000	EUR	7
221	-43700000	EUR	15
222	7100000	USD	11
223	46400000	USD	12
224	41100000	USD	7
225	38200000	USD	9
226	3800000	EUR	8
227	8800000	EUR	12
228	-4800000	EUR	14
229	45100000	EUR	13
230	13400000	USD	7
231	-36500000	EUR	11
